-3.141592653589793116
-3.130815320301320259
-3.120037987012847847
-3.109260653724374990
-3.098483320435902133
-3.087705987147429720
-3.076928653858956864
-3.066151320570484007
-3.055373987282011594
-3.044596653993538737
-3.033819320705065881
-3.023041987416593468
-3.012264654128120611
-3.001487320839648199
-2.990709987551175342
-2.979932654262702485
-2.969155320974230072
-2.958377987685757216
-2.947600654397284359
-2.936823321108811946
-2.926045987820339089
-2.915268654531866233
-2.904491321243393820
-2.893713987954920963
-2.882936654666448106
-2.872159321377975694
-2.861381988089502837
-2.850604654801029980
-2.839827321512557567
-2.829049988224084711
-2.818272654935611854
-2.807495321647139441
-2.796717988358666585
-2.785940655070193728
-2.775163321781721315
-2.764385988493248458
-2.753608655204775602
-2.742831321916303189
-2.732053988627830332
-2.721276655339357475
-2.710499322050885063
-2.699721988762412206
-2.688944655473939349
-2.678167322185466936
-2.667389988896994080
-2.656612655608521223
-2.645835322320048810
-2.635057989031575953
-2.624280655743103097
-2.613503322454630684
-2.602725989166157827
-2.591948655877684971
-2.581171322589212558
-2.570393989300739701
-2.559616656012266844
-2.548839322723794432
-2.538061989435321575
-2.527284656146848718
-2.516507322858376305
-2.505729989569903449
-2.494952656281430592
-2.484175322992958179
-2.473397989704485322
-2.462620656416012910
-2.451843323127540053
-2.441065989839067196
-2.430288656550594784
-2.419511323262121927
-2.408733989973649514
-2.397956656685176657
-2.387179323396703801
-2.376401990108231388
-2.365624656819758531
-2.354847323531285674
-2.344069990242813262
-2.333292656954340405
-2.322515323665867548
-2.311737990377395136
-2.300960657088922279
-2.290183323800449422
-2.279405990511977009
-2.268628657223504153
-2.257851323935031296
-2.247073990646558883
-2.236296657358086026
-2.225519324069613170
-2.214741990781140757
-2.203964657492667900
-2.193187324204195043
-2.182409990915722631
-2.171632657627249774
-2.160855324338776917
-2.150077991050304504
-2.139300657761831648
-2.128523324473358791
-2.117745991184886378
-2.106968657896413522
-2.096191324607940665
-2.085413991319468252
-2.074636658030995395
-2.063859324742522539
-2.053081991454050126
-2.042304658165577269
-2.031527324877104412
-2.020749991588632000
-2.009972658300159143
-1.999195325011686508
-1.988417991723213873
-1.977640658434741017
-1.966863325146268382
-1.956085991857795747
-1.945308658569322890
-1.934531325280850256
-1.923753991992377621
-1.912976658703904764
-1.902199325415432130
-1.891421992126959495
-1.880644658838486638
-1.869867325550014003
-1.859089992261541369
-1.848312658973068512
-1.837535325684595877
-1.826757992396123242
-1.815980659107650608
-1.805203325819177751
-1.794425992530705116
-1.783648659242232482
-1.772871325953759625
-1.762093992665286990
-1.751316659376814355
-1.740539326088341499
-1.729761992799868864
-1.718984659511396229
-1.708207326222923372
-1.697429992934450738
-1.686652659645978103
-1.675875326357505468
-1.665097993069032611
-1.654320659780559977
-1.643543326492087342
-1.632765993203614485
-1.621988659915141850
-1.611211326626669216
-1.600433993338196359
-1.589656660049723724
-1.578879326761251090
-1.568101993472778233
-1.557324660184305598
-1.546547326895832963
-1.535769993607360107
-1.524992660318887472
-1.514215327030414837
-1.503437993741941980
-1.492660660453469346
-1.481883327164996711
-1.471105993876524076
-1.460328660588051219
-1.449551327299578585
-1.438773994011105950
-1.427996660722633093
-1.417219327434160459
-1.406441994145687824
-1.395664660857214967
-1.384887327568742332
-1.374109994280269698
-1.363332660991796841
-1.352555327703324206
-1.341777994414851571
-1.331000661126378937
-1.320223327837906080
-1.309445994549433445
-1.298668661260960810
-1.287891327972487954
-1.277113994684015319
-1.266336661395542684
-1.255559328107069827
-1.244781994818597193
-1.234004661530124558
-1.223227328241651701
-1.212449994953179067
-1.201672661664706432
-1.190895328376233575
-1.180117995087760940
-1.169340661799288306
-1.158563328510815449
-1.147785995222342814
-1.137008661933870179
-1.126231328645397323
-1.115453995356924910
-1.104676662068452053
-1.093899328779979196
-1.083121995491506784
-1.072344662203033927
-1.061567328914561070
-1.050789995626088658
-1.040012662337615801
-1.029235329049142944
-1.018457995760670531
-1.007680662472197675
-0.996903329183724818
-0.986125995895252405
-0.975348662606779548
-0.964571329318306692
-0.953793996029834279
-0.943016662741361422
-0.932239329452888565
-0.921461996164416153
-0.910684662875943296
-0.899907329587470883
-0.889129996298998027
-0.878352663010525170
-0.867575329722052757
-0.856797996433579900
-0.846020663145107044
-0.835243329856634631
-0.824465996568161774
-0.813688663279688917
-0.802911329991216505
-0.792133996702743648
-0.781356663414270791
-0.770579330125798379
-0.759801996837325522
-0.749024663548852665
-0.738247330260380252
-0.727469996971907396
-0.716692663683434539
-0.705915330394962126
-0.695137997106489269
-0.684360663818016413
-0.673583330529544000
-0.662805997241071143
-0.652028663952598286
-0.641251330664125874
-0.630473997375653017
-0.619696664087180160
-0.608919330798707747
-0.598141997510234891
-0.587364664221762034
-0.576587330933289621
-0.565809997644816765
-0.555032664356343908
-0.544255331067871495
-0.533477997779398638
-0.522700664490926226
-0.511923331202453369
-0.501145997913980512
-0.490368664625508099
-0.479591331337035243
-0.468813998048562386
-0.458036664760089973
-0.447259331471617116
-0.436481998183144260
-0.425704664894671847
-0.414927331606198990
-0.404149998317726133
-0.393372665029253721
-0.382595331740780864
-0.371817998452308007
-0.361040665163835595
-0.350263331875362738
-0.339485998586889881
-0.328708665298417468
-0.317931332009944612
-0.307153998721471755
-0.296376665432999342
-0.285599332144526485
-0.274821998856053629
-0.264044665567581216
-0.253267332279108359
-0.242489998990635502
-0.231712665702163090
-0.220935332413690233
-0.210157999125217820
-0.199380665836744964
-0.188603332548272107
-0.177825999259799694
-0.167048665971326837
-0.156271332682853981
-0.145493999394381568
-0.134716666105908711
-0.123939332817435854
-0.113161999528963442
-0.102384666240490585
-0.091607332952017728
-0.080829999663545316
-0.070052666375072459
-0.059275333086599602
-0.048497999798127189
-0.037720666509654333
-0.026943333221181476
-0.016165999932709063
-0.005388666644236206
0.005388666644236650
0.016165999932709063
0.026943333221181920
0.037720666509654777
0.048497999798127189
0.059275333086600046
0.070052666375072903
0.080829999663545316
0.091607332952018172
0.102384666240491029
0.113161999528963442
0.123939332817436298
0.134716666105909155
0.145493999394381568
0.156271332682854425
0.167048665971326837
0.177825999259799694
0.188603332548272551
0.199380665836744964
0.210157999125217820
0.220935332413690677
0.231712665702163090
0.242489998990635947
0.253267332279108803
0.264044665567581216
0.274821998856054073
0.285599332144526930
0.296376665432999342
0.307153998721472199
0.317931332009945056
0.328708665298417468
0.339485998586890325
0.350263331875363182
0.361040665163835595
0.371817998452308451
0.382595331740781308
0.393372665029253721
0.404149998317726578
0.414927331606199434
0.425704664894671847
0.436481998183144704
0.447259331471617561
0.458036664760089973
0.468813998048562830
0.479591331337035243
0.490368664625508099
0.501145997913980956
0.511923331202453369
0.522700664490926226
0.533477997779399082
0.544255331067871495
0.555032664356344352
0.565809997644817209
0.576587330933289621
0.587364664221762478
0.598141997510235335
0.608919330798707747
0.619696664087180604
0.630473997375653461
0.641251330664125874
0.652028663952598730
0.662805997241071587
0.673583330529544000
0.684360663818016857
0.695137997106489713
0.705915330394962126
0.716692663683434983
0.727469996971907840
0.738247330260380252
0.749024663548853109
0.759801996837325966
0.770579330125798379
0.781356663414271235
0.792133996702744092
0.802911329991216505
0.813688663279689361
0.824465996568162218
0.835243329856634631
0.846020663145107488
0.856797996433579900
0.867575329722052757
0.878352663010525170
0.889129996298998471
0.899907329587470883
0.910684662875943296
0.921461996164416597
0.932239329452889010
0.943016662741361422
0.953793996029834723
0.964571329318307136
0.975348662606779548
0.986125995895252849
0.996903329183725262
1.007680662472197675
1.018457995760670975
1.029235329049143388
1.040012662337615801
1.050789995626089102
1.061567328914561514
1.072344662203033927
1.083121995491507228
1.093899328779979641
1.104676662068452053
1.115453995356925354
1.126231328645397767
1.137008661933870179
1.147785995222343480
1.158563328510815893
1.169340661799288306
1.180117995087761606
1.190895328376234019
1.201672661664706432
1.212449994953179733
1.223227328241652145
1.234004661530124558
1.244781994818597859
1.255559328107070272
1.266336661395542684
1.277113994684015985
1.287891327972488398
1.298668661260960810
1.309445994549434111
1.320223327837906524
1.331000661126378937
1.341777994414851349
1.352555327703324650
1.363332660991797063
1.374109994280269476
1.384887327568742776
1.395664660857215189
1.406441994145687602
1.417219327434160903
1.427996660722633315
1.438773994011105728
1.449551327299579029
1.460328660588051441
1.471105993876523854
1.481883327164997155
1.492660660453469568
1.503437993741941980
1.514215327030415281
1.524992660318887694
1.535769993607360107
1.546547326895833407
1.557324660184305820
1.568101993472778233
1.578879326761251534
1.589656660049723946
1.600433993338196359
1.611211326626669660
1.621988659915142073
1.632765993203614485
1.643543326492087786
1.654320659780560199
1.665097993069032611
1.675875326357505912
1.686652659645978325
1.697429992934450738
1.708207326222924038
1.718984659511396451
1.729761992799868864
1.740539326088342165
1.751316659376814577
1.762093992665286990
1.772871325953760291
1.783648659242232704
1.794425992530705116
1.805203325819178417
1.815980659107650830
1.826757992396123242
1.837535325684596543
1.848312658973068956
1.859089992261541369
1.869867325550014669
1.880644658838487082
1.891421992126959495
1.902199325415432796
1.912976658703905208
1.923753991992377621
1.934531325280850922
1.945308658569323335
1.956085991857795747
1.966863325146269048
1.977640658434741461
1.988417991723213873
1.999195325011687174
2.009972658300159587
2.020749991588632000
2.031527324877105301
2.042304658165577713
2.053081991454050126
2.063859324742522539
2.074636658030995839
2.085413991319468252
2.096191324607940665
2.106968657896413966
2.117745991184886378
2.128523324473358791
2.139300657761832092
2.150077991050304504
2.160855324338776917
2.171632657627250218
2.182409990915722631
2.193187324204195043
2.203964657492668344
2.214741990781140757
2.225519324069613170
2.236296657358086470
2.247073990646558883
2.257851323935031296
2.268628657223504597
2.279405990511977009
2.290183323800449422
2.300960657088922723
2.311737990377395136
2.322515323665867548
2.333292656954340849
2.344069990242813262
2.354847323531285674
2.365624656819758975
2.376401990108231388
2.387179323396703801
2.397956656685177101
2.408733989973649514
2.419511323262121927
2.430288656550595228
2.441065989839067640
2.451843323127540053
2.462620656416013354
2.473397989704485767
2.484175322992958179
2.494952656281431480
2.505729989569903893
2.516507322858376305
2.527284656146849606
2.538061989435322019
2.548839322723794432
2.559616656012267732
2.570393989300740145
2.581171322589212558
2.591948655877685859
2.602725989166158271
2.613503322454630684
2.624280655743103985
2.635057989031576398
2.645835322320048810
2.656612655608522111
2.667389988896994524
2.678167322185466936
2.688944655473940237
2.699721988762412650
2.710499322050885063
2.721276655339357475
2.732053988627830776
2.742831321916303189
2.753608655204775602
2.764385988493248902
2.775163321781721315
2.785940655070193728
2.796717988358667029
2.807495321647139441
2.818272654935611854
2.829049988224085155
2.839827321512557567
2.850604654801029980
2.861381988089503281
2.872159321377975694
2.882936654666448106
2.893713987954921407
2.904491321243393820
2.915268654531866233
2.926045987820339533
2.936823321108811946
2.947600654397284359
2.958377987685757660
2.969155320974230072
2.979932654262702485
2.990709987551175786
3.001487320839648199
3.012264654128120611
3.023041987416593912
3.033819320705066325
3.044596653993538737
3.055373987282012038
3.066151320570484451
3.076928653858956864
3.087705987147430164
3.098483320435902577
3.109260653724374990
3.120037987012848291
3.130815320301320703
3.141592653589793116
