77790892920.000000000000000000
83679446567.330673217773437500
89568000214.661346435546875000
95456553861.992034912109375000
101345107509.322708129882812500
107233661156.653381347656250000
113122214803.984069824218750000
119010768451.314743041992187500
124899322098.645416259765625000
130787875745.976089477539062500
136676429393.306762695312500000
142564983040.637451171875000000
148453536687.968139648437500000
154342090335.298797607421875000
160230643982.629486083984375000
166119197629.960144042968750000
172007751277.290832519531250000
177896304924.621520996093750000
183784858571.952178955078125000
189673412219.282867431640625000
195561965866.613525390625000000
201450519513.944213867187500000
207339073161.274902343750000000
213227626808.605590820312500000
219116180455.936248779296875000
225004734103.266937255859375000
230893287750.597595214843750000
236781841397.928283691406250000
242670395045.258972167968750000
248558948692.589630126953125000
254447502339.920318603515625000
260336055987.250976562500000000
266224609634.581665039062500000
272113163281.912353515625000000
278001716929.243041992187500000
283890270576.573730468750000000
289778824223.904357910156250000
295667377871.235046386718750000
301555931518.565734863281250000
307444485165.896362304687500000
313333038813.227050781250000000
319221592460.557739257812500000
325110146107.888427734375000000
330998699755.219116210937500000
336887253402.549804687500000000
342775807049.880493164062500000
348664360697.211181640625000000
354552914344.541809082031250000
360441467991.872497558593750000
366330021639.203186035156250000
372218575286.533874511718750000
378107128933.864501953125000000
383995682581.195190429687500000
389884236228.525878906250000000
395772789875.856567382812500000
401661343523.187255859375000000
407549897170.517944335937500000
413438450817.848571777343750000
419327004465.179260253906250000
425215558112.509948730468750000
431104111759.840637207031250000
436992665407.171325683593750000
442881219054.501953125000000000
448769772701.832641601562500000
454658326349.163330078125000000
460546879996.494018554687500000
466435433643.824707031250000000
472323987291.155334472656250000
478212540938.486022949218750000
484101094585.816711425781250000
489989648233.147399902343750000
495878201880.478088378906250000
501766755527.808715820312500000
507655309175.139404296875000000
513543862822.470092773437500000
519432416469.800781250000000000
525320970117.131469726562500000
531209523764.462158203125000000
537098077411.792785644531250000
542986631059.123474121093750000
548875184706.454162597656250000
554763738353.784912109375000000
560652292001.115478515625000000
566540845648.446166992187500000
572429399295.776855468750000000
578317952943.107543945312500000
584206506590.438232421875000000
590095060237.768920898437500000
595983613885.099609375000000000
601872167532.430175781250000000
607760721179.760986328125000000
613649274827.091552734375000000
619537828474.422363281250000000
625426382121.752929687500000000
631314935769.083618164062500000
637203489416.414306640625000000
643092043063.744995117187500000
648980596711.075683593750000000
654869150358.406372070312500000
660757704005.737060546875000000
666646257653.067749023437500000
672534811300.398437500000000000
678423364947.729003906250000000
684311918595.059692382812500000
690200472242.390380859375000000
696089025889.721069335937500000
701977579537.051757812500000000
707866133184.382446289062500000
713754686831.713134765625000000
719643240479.043823242187500000
725531794126.374511718750000000
731420347773.705200195312500000
737308901421.035888671875000000
743197455068.366455078125000000
749086008715.697143554687500000
754974562363.027832031250000000
760863116010.358520507812500000
766751669657.689208984375000000
772640223305.019897460937500000
778528776952.350585937500000000
784417330599.681274414062500000
790305884247.011962890625000000
796194437894.342651367187500000
802082991541.673217773437500000
807971545189.003906250000000000
813860098836.334594726562500000
819748652483.665283203125000000
825637206130.995971679687500000
831525759778.326660156250000000
837414313425.657348632812500000
843302867072.988037109375000000
849191420720.318725585937500000
855079974367.649414062500000000
860968528014.980102539062500000
866857081662.310668945312500000
872745635309.641357421875000000
878634188956.972045898437500000
884522742604.302734375000000000
890411296251.633422851562500000
896299849898.964111328125000000
902188403546.294799804687500000
908076957193.625488281250000000
913965510840.956176757812500000
919854064488.286865234375000000
925742618135.617431640625000000
931631171782.948120117187500000
937519725430.278808593750000000
943408279077.609497070312500000
949296832724.940185546875000000
955185386372.270874023437500000
961073940019.601562500000000000
966962493666.932250976562500000
972851047314.262939453125000000
978739600961.593627929687500000
984628154608.924316406250000000
990516708256.254882812500000000
996405261903.585571289062500000
1002293815550.916259765625000000
1008182369198.246948242187500000
1014070922845.577636718750000000
1019959476492.908325195312500000
1025848030140.239013671875000000
1031736583787.569702148437500000
1037625137434.900390625000000000
1043513691082.231079101562500000
1049402244729.561767578125000000
1055290798376.892333984375000000
1061179352024.223022460937500000
1067067905671.553710937500000000
1072956459318.884399414062500000
1078845012966.215087890625000000
1084733566613.545776367187500000
1090622120260.876464843750000000
1096510673908.207153320312500000
1102399227555.537841796875000000
1108287781202.868652343750000000
1114176334850.199218750000000000
1120064888497.529785156250000000
1125953442144.860351562500000000
1131841995792.191162109375000000
1137730549439.521972656250000000
1143619103086.852539062500000000
1149507656734.183105468750000000
1155396210381.513916015625000000
1161284764028.844726562500000000
1167173317676.175292968750000000
1173061871323.505859375000000000
1178950424970.836669921875000000
1184838978618.167236328125000000
1190727532265.498046875000000000
1196616085912.828613281250000000
1202504639560.159423828125000000
1208393193207.489990234375000000
1214281746854.820556640625000000
1220170300502.151367187500000000
1226058854149.481933593750000000
1231947407796.812744140625000000
1237835961444.143310546875000000
1243724515091.474121093750000000
1249613068738.804687500000000000
1255501622386.135498046875000000
1261390176033.466064453125000000
1267278729680.796875000000000000
1273167283328.127441406250000000
1279055836975.458007812500000000
1284944390622.788818359375000000
1290832944270.119384765625000000
1296721497917.450195312500000000
1302610051564.780761718750000000
1308498605212.111572265625000000
1314387158859.442138671875000000
1320275712506.772949218750000000
1326164266154.103515625000000000
1332052819801.434326171875000000
1337941373448.764892578125000000
1343829927096.095458984375000000
1349718480743.426269531250000000
1355607034390.756835937500000000
1361495588038.087646484375000000
1367384141685.418212890625000000
1373272695332.749023437500000000
1379161248980.079589843750000000
1385049802627.410400390625000000
1390938356274.740966796875000000
1396826909922.071777343750000000
1402715463569.402343750000000000
1408604017216.732910156250000000
1414492570864.063720703125000000
1420381124511.394287109375000000
1426269678158.725097656250000000
1432158231806.055664062500000000
1438046785453.386474609375000000
1443935339100.717041015625000000
1449823892748.047851562500000000
1455712446395.378417968750000000
1461601000042.708984375000000000
1467489553690.039794921875000000
1473378107337.370361328125000000
1479266660984.701171875000000000
1485155214632.031738281250000000
1491043768279.362548828125000000
1496932321926.693115234375000000
1502820875574.023925781250000000
1508709429221.354492187500000000
1514597982868.685302734375000000
1520486536516.015869140625000000
1526375090163.346435546875000000
1532263643810.677246093750000000
1538152197458.007812500000000000
1544040751105.338623046875000000
1549929304752.669189453125000000
1555817858400.000000000000000000
